0.07
0.44
0.84
1.21
1.58
1.95
2.32
2.69
3.07
3.46
3.83
4.20
4.57
4.95
5.32
5.69
5.99
6.32
6.64
7.01
7.38
7.78
8.15
8.52
8.89
9.29
9.61
10.01
10.40
10.77
11.15
11.52
11.89
12.26
12.63
13.03
13.40
13.77
14.14
14.51
14.88
15.28
15.65
16.02
16.39
16.76
17.14
17.55
17.90
18.27
18.65
19.02
19.39
19.78
20.15
20.53
20.90
21.27
21.64
22.01
22.41
22.78
23.15
23.52
23.89
24.26
24.64
25.03
25.40
25.77
26.15
26.52
26.87
27.26
27.65
28.03
28.40
28.77
29.14
29.54
29.91
30.28
30.65
31.02
31.39
31.76
32.14
32.48
32.83
33.18
33.53
33.88
34.23
34.60
34.97
35.32
35.69
36.06
36.46
36.85
37.22
37.59
37.96
38.34
38.71
39.08
39.45
39.82
40.19
40.57
40.96
41.33
41.70
42.07
42.47
42.84
43.21
43.58
43.96
44.33
44.70
45.07
45.46
45.84
46.21
46.58
46.95
47.32
47.69
48.07
48.46
48.83
49.20
49.57
49.97
50.34
50.71
51.08
51.46
51.83
52.20
52.57
52.94
53.31
53.71
54.08
54.47
54.85
55.22
55.59
55.96
56.33
56.70
57.07
57.45
57.82
58.21
58.58
58.96
59.33
59.70
60.07
60.46
60.84
61.21
61.58
61.95
62.32
62.67
63.07
63.46
63.83
64.20
64.57
64.95
65.32
65.71
66.08
66.46
66.83
67.22
67.59
67.96
68.34
68.71
69.08
69.45
69.82
70.22
70.59
70.96
71.33
71.73
72.07
72.45
72.84
73.21
73.58
73.96
74.33
74.70
75.07
75.44
75.84
76.21
76.58
76.95
77.32
77.72
78.09
78.46
78.83
79.23
79.57
79.95
80.32
80.64
80.99
81.34
81.64
82.01
82.41
82.78
83.13
83.52
83.92
84.31
84.64
85.03
85.40
85.77
86.15
86.52
86.89
87.28
87.66
88.03
88.40
88.77
89.14
89.51
89.88
90.26
90.65
91.02
91.39
91.77
92.11
92.44
92.76
93.09
93.46
93.83
94.20
94.57
94.95
95.32
95.71
96.08
96.46
96.83
97.20
97.57
97.94
98.31
98.71
99.08
99.45
99.82
100.19
100.59
100.96
101.33
101.70
102.07
102.45
102.82
103.21
103.58
103.96
104.33
104.70
105.07
105.47
105.84
106.21
106.58
106.95
107.32
107.69
108.07
108.46
108.83
109.20
109.57
109.95
110.32
110.69
111.08
111.46
111.83
112.22
112.59
112.97
113.34
113.71
114.08
114.45
114.82
115.19
115.57
115.96
116.33
116.70
117.08
117.47
117.84
118.21
118.58
118.96
119.33
119.70
120.07
120.47
120.81
121.18
121.56
121.93
122.30
122.67
123.07
123.46
123.83
124.18
124.55
124.95
125.32
125.71
126.08
126.46
126.83
127.20
127.59
127.94
128.31
128.71
129.08
129.45
129.82
130.19
130.57
130.94
131.33
131.70
132.08
132.45
132.82
133.21
133.58
133.96
134.33
134.70
135.07
135.47
135.84
136.21
136.58
136.95
137.32
137.67
138.07
138.44
138.83
139.20
139.58
139.95
140.32
140.71
141.08
141.46
141.83
142.22
142.59
142.97
143.34
143.71
144.08
144.45
144.82
145.22
145.59
145.96
146.33
146.70
147.08
147.45
147.84
148.21
148.58
148.96
149.33
149.70
150.07
150.44
150.84
151.21
151.58
151.95
152.32
152.72
153.09
153.46
153.83
154.20
154.58
154.95
155.34
155.71
156.08
156.46
156.83
157.22
157.57
157.94
158.31
158.66
159.08
159.47
159.85
160.22
160.59
160.96
161.33
161.73
162.12
162.47
162.82
163.19
163.56
163.96
164.35
164.72
165.09
165.47
165.84
166.21
166.58
166.95
167.32
167.69
168.07
168.46
168.83
169.18
169.55
169.97
170.36
170.71
171.08
171.46
171.83
172.20
172.57
172.94
173.34
173.71
174.08
174.45
174.82
175.22
175.59
175.96
176.33
176.70
177.08
177.45
177.82
178.19
178.58
178.96
179.33
179.70
180.07
180.44
180.84
181.21
181.58
181.95
182.32
182.72
183.09
183.46
183.83
184.20
184.58
184.97
185.34
185.71
186.08
186.46
186.83
187.20
187.57
187.97
188.34
188.71
189.08
189.45
189.82
190.19
190.59
190.96
191.33
191.70
192.08
192.45
192.84
193.21
193.58
193.96
194.33
194.72
195.09
195.47
195.84
196.21
196.58
196.95
197.35
197.72
198.09
198.46
198.83
